76.65
65.5528125
56.3095019531
48.5939092163
42.139078575
36.726262278
32.1760054751
28.3409116369
25.0997664915
22.3527610858
20.0176048303
18.0263597836
16.3228599165
14.8606052449
13.6010417787
12.5121552127
11.567319972
10.7443562823
10.0247568595
9.3930520343
8.83628796557
8.34359732538
7.90584567088
7.51533982532
7.16558711313
6.85109634296
6.56721309836
6.30998325131
6.0760397177
5.8625083736
5.6669297852
5.48719400466
5.3214861738
5.16824107832
5.02610512316
4.89390446845
4.77061828594
4.6553562767
4.5473397399
4.44588560437
4.35039293593
4.26033151585
4.17523215501
4.0946784642
4.0182998482
3.94576552993
3.87677944264
3.81107585529
3.74841561774
3.68858293113
3.63138256385
3.57663744627
3.52418658815
3.47388327114
3.42559347659
3.37919451479
3.33457382705
3.29162793638
3.25026152624
3.21038662978
3.1719219146
3.1347920505
3.09892714909
3.0642622661
3.03073695833
2.99829488839
2.96688347124
2.93645355753
2.90695914921
2.87835714371
2.85060710321
2.82367104626
2.79751325917
2.77210012496
2.74739996801
2.72338291264
2.70002075422
2.67728684153
2.65515596904
2.63360427842
2.61260916802
2.59214920984
2.57220407308
2.55275445374
2.53378200967
2.51526930058
2.49719973258
2.47955750686
2.46232757205
2.44549558012
2.42904784529
2.41297130597
2.3972534892
2.38188247763
2.36684687864
2.3521357956
2.33773880095
2.32364591105
2.30984756272
2.29633459114
2.28309820923
2.27012998829
2.25742183983
2.24496599846
2.23275500589
2.2207816958
2.20903917963
2.19752083324
2.18622028424
2.17513140014
2.16424827714
2.15356522946
2.14307677945
2.132777648
2.12266274571
2.11272716434
2.10296616887
2.09337518982
2.08394981614
2.07468578836
2.06557899209
2.05662545192
2.04782132558
2.03916289838
2.03064657797
2.02226888933
2.01402647002
2.0059160656
1.9979345254
1.99007879833
1.98234592904
1.97473305412
1.96723739861
1.95985627256
1.95258706781
1.94542725492
1.93837438018
1.93142606281
1.92457999228
1.91783392572
1.91118568545
1.90463315667
1.89817428512
1.89180707501
1.88552958691
1.87933993578
1.87323628908
1.86721686493
1.86127993042
1.85542379987
1.84964683327
1.84394743476
1.83832405111
1.83277517032
1.82729932028
1.82189506743
1.81656101552
1.81129580441
1.80609810891
1.80096663763
1.79590013196
1.790897365
1.78595714056
1.78107829225
1.7762596825
1.77150020173
1.76679876742
1.76215432339
1.75756583891
1.75303230798
1.74855274861
1.74412620205
1.73975173218
1.73542842477
1.7311553869
1.72693174633
1.72275665086
1.71862926785
1.71454878355
1.71051440265
1.70652534775
1.70258085879
1.69868019268
1.69482262272
1.69100743822
1.68723394405
1.68350146019
1.67980932134
1.67615687652
1.67254348871
1.66896853442
1.66543140339
1.66193149823
1.65846823404
1.65504103813
1.65164934971
1.64829261952
1.64497030962
1.64168189302
1.63842685347
1.63520468513
1.63201489234
1.62885698938
1.62573050018
1.62263495812
1.61956990576
1.61653489466
1.61352948512
1.61055324599
1.60760575444
1.6046865958
1.60179536332
1.59893165803
1.59609508849
1.59328527067
1.59050182777
1.58774439
1.58501259448
1.58230608506
1.57962451212
1.5769675325
1.57433480929
1.57172601171
1.56914081498
1.56657890014
1.564039954
1.56152366894
1.55902974281
1.55655787881
1.55410778538
1.55167917608
1.54927176945
1.54688528896
1.54451946284
1.54217402404
1.53984871005
1.5375432629
1.53525742897
1.53299095897
1.5307436078
1.52851513448
1.52630530208
1.5241138776
1.52194063193
1.51978533973
1.51764777938
1.51552773288
1.5134249858
1.51133932721
1.50927054957
1.5072184487
1.50518282372
1.50316347693
1.5011602138
1.49917284289
1.49720117578
1.49524502702
1.49330421407
1.49137855724
1.48946787965
1.48757200715
1.48569076826
1.48382399419
1.48197151869
1.48013317807
1.47830881113
1.4764982591
1.47470136562
1.47291797668
1.47114794056
1.46939110783
1.46764733127
1.46591646584
1.46419836863
1.46249289887
1.4607999178
1.45911928873
1.45745087693
1.45579454964
1.45415017601
1.45251762707
1.45089677571
1.44928749661
1.44768966627
1.44610316292
1.44452786651
1.44296365868
1.44141042276
1.43986804366
1.43833640794
1.43681540371
1.43530492064
1.43380484992
1.43231508424
1.43083551773
1.42936604601
1.4279065661
1.4264569764
1.42501717672
1.42358706817
1.42216655324
1.42075553568
1.41935392055
1.41796161417
1.41657852409
1.41520455908
1.41383962913
1.41248364537
1.41113652014
1.4097981669
1.40846850021
1.40714743578
1.40583489038
1.40453078186
1.40323502911
1.40194755208
1.40066827171
1.39939710997
1.39813398981
1.39687883515
1.39563157085
1.39439212275
1.39316041758
1.39193638301
1.39071994758
1.38951104075
1.38830959282
1.38711553496
1.38592879919
1.38474931836
1.38357702612
1.38241185695
1.38125374612
1.38010262967
1.37895844441
1.37782112793
1.37669061855
1.37556685533
1.37444977806
1.37333932723
1.37223544405
1.37113807042
1.37004714892
1.3689626228
1.36788443598
1.36681253304
1.36574685919
1.36468736028
1.36363398279
1.36258667381
1.36154538106
1.36051005282
1.35948063799
1.35845708605
1.35743934704
1.35642737158
1.35542111084
1.35442051655
1.35342554096
1.35243613689
1.35145225765
1.35047385709
1.34950088958
1.34853330997
1.34757107363
1.34661413643
1.34566245468
1.34471598523
1.34377468535
1.34283851281
1.34190742582
1.34098138304
1.3400603436
1.33914426704
1.33823311336
1.33732684298
1.33642541673
1.33552879589
1.33463694212
1.3337498175
1.33286738451
1.33198960603
1.33111644532
1.33024786603
1.3293838322
1.32852430824
1.32766925892
1.3268186494
1.32597244517
1.32513061209
1.32429311639
1.32345992462
1.32263100368
1.32180632083
1.32098584364
1.32016954
1.31935737817
1.31854932668
1.31774535442
1.31694543057
1.31614952462
1.31535760637
1.31456964593
1.31378561369
1.31300548036
1.31222921692
1.31145679464
1.31068818508
1.30992336007
1.30916229173
1.30840495245
1.30765131488
1.30690135195
1.30615503685
1.30541234302
1.30467324416
1.30393771424
1.30320572746
1.30247725829
1.30175228142
1.3010307718
1.30031270461
1.29959805527
1.29888679944
1.298178913
1.29747437207
1.29677315297
1.29607523227
1.29538058674
1.2946891934
1.29400102944
1.2933160723
1.29263429961
1.2919556892
1.29128021914
1.29060786766
1.28993861322
1.28927243447
1.28860931025
1.2879492196
1.28729214175
1.28663805611
1.2859869423
1.28533878011
1.2846935495
1.28405123063
1.28341180384
1.28277524964
1.2821415487
1.28151068189
1.28088263023
1.28025737492
1.27963489733
1.27901517899
1.27839820158
1.27778394697
1.27717239716
1.27656353433
1.27595734081
1.27535379908
1.27475289178
1.27415460169
1.27355891176
1.27296580506
1.27237526483
1.27178727445
1.27120181743
1.27061887743
1.27003843827
1.26946048388
1.26888499833
1.26831196584
1.26774137075
1.26717319756
1.26660743086
1.26604405541
1.26548305607
1.26492441784
1.26436812584
1.26381416533
1.26326252167
1.26271318037
1.26216612703
1.26162134739
1.26107882731
1.26053855275
1.2600005098
1.25946468467
1.25893106366
1.2583996332
1.25787037984
1.25734329021
1.25681835109
1.25629554932
1.25577487189
1.25525630587
1.25473983844
1.2542254569
1.25371314862
1.25320290109
1.25269470192
1.25218853878
1.25168439946
1.25118227186
1.25068214394
1.2501840038
1.2496878396
1.2491936396
1.24870139218
1.24821108576
1.24772270891
1.24723625024
1.24675169849
1.24626904245
1.24578827102
1.24530937319
1.24483233803
1.24435715469
1.2438838124
1.24341230048
1.24294260835
1.24247472548
1.24200864144
1.24154434587
1.2410818285
1.24062107914
1.24016208766
1.23970484402
1.23924933826
1.23879556049
1.23834350089
1.23789314973
1.23744449733
1.2369975341
1.23655225052
1.23610863713
1.23566668457
1.23522638351
1.23478772473
1.23435069903
1.23391529734
1.2334815106
1.23304932984
1.23261874618
1.23218975076
1.23176233481
1.23133648964
1.23091220659
1.23048947709
1.23006829262
1.22964864472
1.229230525
1.22881392512
1.22839883682
1.22798525188
1.22757316214
1.22716255953
1.22675343599
1.22634578355
1.22593959429
1.22553486035
1.22513157392
1.22472972724
1.22432931263
1.22393032243
1.22353274906
1.22313658499
1.22274182273
1.22234845486
1.22195647401
1.22156587284
1.2211766441
1.22078878055
1.22040227502
1.22001712041
1.21963330963
1.21925083566
1.21886969154
1.21848987033
1.21811136517
1.21773416922
1.21735827571
1.21698367789
1.21661036908
1.21623834264
1.21586759197
1.21549811053
1.21512989179
1.21476292931
1.21439721665
1.21403274746
1.21366951539
1.21330751416
1.21294673753
1.21258717928
1.21222883326
1.21187169334
1.21151575345
1.21116100755
1.21080744965
1.21045507377
1.21010387401
1.20975384448
1.20940497936
1.20905727282
1.20871071912
1.20836531253
1.20802104737
1.20767791797
1.20733591874
1.2069950441
1.20665528851
1.20631664646
1.2059791125
1.20564268119
1.20530734714
1.20497310499
1.20463994941
1.20430787511
1.20397687684
1.20364694938
1.20331808753
1.20299028615
1.20266354011
1.20233784432
1.20201319374
1.20168958332
1.20136700809
1.20104546308
1.20072494337
1.20040544406
1.20008696028
1.19976948721
1.19945302003
1.19913755397
1.19882308429
1.19850960628
1.19819711525
1.19788560655
1.19757507556
1.19726551767
1.19695692832
1.19664930298
1.19634263713
1.19603692629
1.195732166
1.19542835184
1.19512547941
1.19482354434
1.19452254229
1.19422246892
1.19392331996
1.19362509114
1.19332777822
1.19303137698
1.19273588324
1.19244129284
1.19214760164
1.19185480553
1.19156290043
1.19127188226
1.19098174701
1.19069249065
1.19040410919
1.19011659868
1.18982995518
1.18954417476
1.18925925354
1.18897518764
1.18869197322
1.18840960646
1.18812808356
1.18784740074
1.18756755424
1.18728854034
1.18701035532
1.1867329955
1.1864564572
1.18618073678
1.18590583063
1.18563173514
1.18535844672
1.18508596182
1.1848142769
1.18454338844
1.18427329295
1.18400398694
1.18373546696
1.18346772958
1.18320077138
1.18293458896
1.18266917894
1.18240453797
1.18214066271
1.18187754984
1.18161519606
1.1813535981
1.18109275268
1.18083265657
1.18057330654
1.18031469939
1.18005683193
1.17979970099
1.17954330342
1.17928763609
1.17903269588
1.17877847969
1.17852498444
1.17827220708
1.17802014455
1.17776879382
1.1775181519
1.17726821577
1.17701898248
1.17677044904
1.17652261253
1.17627547001
1.17602901858
1.17578325533
1.17553817739
1.1752937819
1.17505006601
1.17480702688
1.17456466171
1.1743229677
1.17408194206
1.17384158201
1.17360188482
1.17336284774
1.17312446804
1.17288674302
1.17264966999
1.17241324627
1.17217746918
1.17194233609
1.17170784436
1.17147399137
1.17124077451
1.17100819119
1.17077623882
1.17054491486
1.17031421674
1.17008414194
1.16985468792
1.16962585218
1.16939763222
1.16917002556
1.16894302974
1.16871664228
1.16849086077
1.16826568275
1.16804110583
1.16781712758
1.16759374563
1.1673709576
1.16714876111
1.16692715382
1.16670613338
1.16648569747
1.16626584378
1.16604656999
1.16582787381
1.16560975298
1.16539220521
1.16517522826
1.16495881988
1.16474297783
1.16452769991
1.16431298389
1.16409882759
1.16388522881
1.16367218538
1.16345969515
1.16324775595
1.16303636564
1.1628255221
1.16261522321
1.16240546687
1.16219625096
1.16198757341
1.16177943214
1.16157182509
1.16136475021
1.16115820544
1.16095218876
1.16074669814
1.16054173158
1.16033728706
1.1601333626
1.15992995622
1.15972706594
1.1595246898
1.15932282585
1.15912147215
1.15892062676
1.15872028777
1.15852045325
1.15832112132
1.15812229006
1.15792395761
1.15772612208
1.15752878161
1.15733193434
1.15713557843
1.15693971204
1.15674433334
1.15654944051
1.15635503174
1.15616110523
1.15596765919
1.15577469184
1.15558220139
1.15539018609
1.15519864418
1.1550075739
1.15481697352
1.15462684131
1.15443717554
1.15424797451
1.15405923649
1.15387095981
1.15368314276
1.15349578366
1.15330888085
1.15312243266
1.15293643742
1.1527508935
1.15256579925
1.15238115304
1.15219695325
1.15201319825
1.15182988644
1.15164701621
1.15146458598
1.15128259416
1.15110103916
1.15091991942
1.15073923338
1.15055897947
1.15037915615
1.15019976188
1.15002079513
1.14984225436
1.14966413807
1.14948644472
1.14930917284
1.1491323209
1.14895588744
1.14877987095
1.14860426996
1.14842908301
1.14825430864
1.14807994537
1.14790599178
1.14773244641
1.14755930783
1.14738657461
1.14721424534
1.14704231858
1.14687079294
1.14669966701
1.14652893941
1.14635860872
1.14618867359
1.14601913262
1.14584998446
1.14568122773
1.14551286108
1.14534488316
1.14517729262
1.14501008812
1.14484326834
1.14467683194
1.14451077761
1.14434510403
1.14417980989
1.1440148939
1.14385035475
1.14368619116
1.14352240184
1.1433589855
1.14319594089
1.14303326674
1.14287096177
1.14270902474
1.1425474544
1.14238624949
1.1422254088
1.14206493107
1.14190481509
1.14174505963
1.14158566347
1.14142662541
1.14126794424
1.14110961876
1.14095164777
1.14079403009
1.14063676453
1.14047984991
1.14032328506
1.14016706882
1.14001120001
1.13985567748
1.13970050008
1.13954566666
1.13939117608
1.13923702719
1.13908321888
1.13892975
1.13877661945
1.13862382609
1.13847136882
1.13831924653
1.13816745812
1.13801600249
1.13786487854
1.1377140852
1.13756362136
1.13741348596
1.13726367792
1.13711419618
1.13696503965
1.1368162073
1.13666769805
1.13651951087
1.1363716447
1.1362240985
1.13607687123
1.13592996186
1.13578336937
1.13563709272
1.1354911309
1.13534548289
1.13520014769
1.13505512428
1.13491041166
1.13476600884
1.13462191482
1.13447812861
1.13433464922
1.13419147569
1.13404860702
1.13390604224
1.13376378039
1.13362182051
1.13348016163
1.13333880279
1.13319774305
1.13305698145
1.13291651705
1.13277634891
1.1326364761
1.13249689768
1.13235761272
1.1322186203
1.1320799195
1.13194150941
1.1318033891
1.13166555766
1.13152801421
1.13139075782
1.13125378761
1.13111710268
1.13098070214
1.13084458511
1.13070875069
1.13057319802
1.13043792621
1.13030293439
1.1301682217
1.13003378727
1.12989963024
1.12976574975
1.12963214495
1.12949881498
1.12936575901
1.12923297617
1.12910046565
1.12896822659
1.12883625816
1.12870455955
1.12857312991
1.12844196842
1.12831107427
1.12818044664
1.12805008471
1.12791998769
1.12779015475
1.12766058509
1.12753127792
1.12740223244
1.12727344786
1.12714492338
1.12701665822
1.12688865159
1.12676090272
1.12663341082
1.12650617512
1.12637919485
1.12625246924
         143458 function calls (141438 primitive calls) in 0.520 seconds

   Ordered by: standard name

   ncalls  tottime  percall  cumtime  percall filename:lineno(function)
      321    0.001    0.000    0.001    0.000 <frozen importlib._bootstrap>:102(release)
      145    0.000    0.000    0.000    0.000 <frozen importlib._bootstrap>:142(__init__)
      145    0.000    0.000    0.002    0.000 <frozen importlib._bootstrap>:146(__enter__)
      145    0.000    0.000    0.001    0.000 <frozen importlib._bootstrap>:153(__exit__)
      321    0.001    0.000    0.001    0.000 <frozen importlib._bootstrap>:159(_get_module_lock)
      143    0.000    0.000    0.000    0.000 <frozen importlib._bootstrap>:173(cb)
      176    0.000    0.000    0.001    0.000 <frozen importlib._bootstrap>:178(_lock_unlock_module)
    196/2    0.000    0.000    0.184    0.092 <frozen importlib._bootstrap>:197(_call_with_frames_removed)
     1405    0.001    0.000    0.001    0.000 <frozen importlib._bootstrap>:208(_verbose_message)
        4    0.000    0.000    0.000    0.000 <frozen importlib._bootstrap>:218(_requires_builtin_wrapper)
      134    0.000    0.000    0.000    0.000 <frozen importlib._bootstrap>:293(__init__)
      134    0.000    0.000    0.000    0.000 <frozen importlib._bootstrap>:297(__enter__)
      134    0.000    0.000    0.001    0.000 <frozen importlib._bootstrap>:304(__exit__)
      536    0.000    0.000    0.000    0.000 <frozen importlib._bootstrap>:307(<genexpr>)
      112    0.000    0.000    0.000    0.000 <frozen importlib._bootstrap>:35(_new_module)
      140    0.000    0.000    0.000    0.000 <frozen importlib._bootstrap>:355(__init__)
      242    0.000    0.000    0.002    0.000 <frozen importlib._bootstrap>:389(cached)
      312    0.000    0.000    0.000    0.000 <frozen importlib._bootstrap>:402(parent)
      134    0.000    0.000    0.000    0.000 <frozen importlib._bootstrap>:410(has_location)
        4    0.000    0.000    0.000    0.000 <frozen importlib._bootstrap>:419(spec_from_loader)
      134    0.001    0.000    0.003    0.000 <frozen importlib._bootstrap>:493(_init_module_attrs)
  134/132    0.000    0.000    0.065    0.000 <frozen importlib._bootstrap>:553(module_from_spec)
      143    0.000    0.000    0.000    0.000 <frozen importlib._bootstrap>:57(__init__)
    134/2    0.001    0.000    0.185    0.093 <frozen importlib._bootstrap>:641(_load_unlocked)
      140    0.000    0.000    0.000    0.000 <frozen importlib._bootstrap>:698(find_spec)
        4    0.000    0.000    0.000    0.000 <frozen importlib._bootstrap>:719(create_module)
        4    0.000    0.000    0.000    0.000 <frozen importlib._bootstrap>:727(exec_module)
        4    0.000    0.000    0.000    0.000 <frozen importlib._bootstrap>:744(is_package)
      321    0.001    0.000    0.001    0.000 <frozen importlib._bootstrap>:77(acquire)
      136    0.000    0.000    0.000    0.000 <frozen importlib._bootstrap>:771(find_spec)
      412    0.000    0.000    0.000    0.000 <frozen importlib._bootstrap>:834(__enter__)
      412    0.000    0.000    0.000    0.000 <frozen importlib._bootstrap>:838(__exit__)
      140    0.001    0.000    0.019    0.000 <frozen importlib._bootstrap>:861(_find_spec)
    145/2    0.001    0.000    0.186    0.093 <frozen importlib._bootstrap>:931(_find_and_load_unlocked)
    145/2    0.001    0.000    0.186    0.093 <frozen importlib._bootstrap>:958(_find_and_load)
   748/38    0.001    0.000    0.162    0.004 <frozen importlib._bootstrap>:989(_handle_fromlist)
       14    0.000    0.000    0.001    0.000 <frozen importlib._bootstrap_external>:1067(_path_hooks)
      294    0.000    0.000    0.002    0.000 <frozen importlib._bootstrap_external>:1080(_path_importer_cache)
      136    0.001    0.000    0.016    0.000 <frozen importlib._bootstrap_external>:1117(_get_spec)
      136    0.000    0.000    0.017    0.000 <frozen importlib._bootstrap_external>:1149(find_spec)
       14    0.000    0.000    0.000    0.000 <frozen importlib._bootstrap_external>:1196(__init__)
      112    0.000    0.000    0.000    0.000 <frozen importlib._bootstrap_external>:1202(<genexpr>)
      130    0.000    0.000    0.001    0.000 <frozen importlib._bootstrap_external>:1228(_get_spec)
      251    0.003    0.000    0.013    0.000 <frozen importlib._bootstrap_external>:1233(find_spec)
       14    0.000    0.000    0.001    0.000 <frozen importlib._bootstrap_external>:1281(_fill_cache)
       14    0.000    0.000    0.000    0.000 <frozen importlib._bootstrap_external>:1310(<setcomp>)
       14    0.000    0.000    0.000    0.000 <frozen importlib._bootstrap_external>:1322(path_hook_for_FileFinder)
      224    0.001    0.000    0.002    0.000 <frozen importlib._bootstrap_external>:263(cache_from_source)
      130    0.000    0.000    0.002    0.000 <frozen importlib._bootstrap_external>:361(_get_cached)
      251    0.000    0.000    0.000    0.000 <frozen importlib._bootstrap_external>:37(_relax_case)
      112    0.000    0.000    0.000    0.000 <frozen importlib._bootstrap_external>:393(_check_name_wrapper)
      112    0.002    0.000    0.002    0.000 <frozen importlib._bootstrap_external>:430(_validate_bytecode_header)
      112    0.000    0.000    0.017    0.000 <frozen importlib._bootstrap_external>:485(_compile_bytecode)
      224    0.000    0.000    0.000    0.000 <frozen importlib._bootstrap_external>:52(_r_long)
      130    0.000    0.000    0.001    0.000 <frozen importlib._bootstrap_external>:524(spec_from_file_location)
     1310    0.001    0.000    0.003    0.000 <frozen importlib._bootstrap_external>:57(_path_join)
     1310    0.001    0.000    0.002    0.000 <frozen importlib._bootstrap_external>:59(<listcomp>)
      224    0.000    0.000    0.000    0.000 <frozen importlib._bootstrap_external>:63(_path_split)
      112    0.000    0.000    0.000    0.000 <frozen importlib._bootstrap_external>:669(create_module)
    112/2    0.001    0.000    0.185    0.093 <frozen importlib._bootstrap_external>:672(exec_module)
      112    0.001    0.000    0.057    0.001 <frozen importlib._bootstrap_external>:743(get_code)
      552    0.000    0.000    0.006    0.000 <frozen importlib._bootstrap_external>:75(_path_stat)
      112    0.000    0.000    0.000    0.000 <frozen importlib._bootstrap_external>:800(__init__)
      112    0.000    0.000    0.000    0.000 <frozen importlib._bootstrap_external>:825(get_filename)
      112    0.004    0.000    0.034    0.000 <frozen importlib._bootstrap_external>:830(get_data)
      112    0.000    0.000    0.002    0.000 <frozen importlib._bootstrap_external>:840(path_stats)
      189    0.000    0.000    0.003    0.000 <frozen importlib._bootstrap_external>:85(_path_is_mode_type)
       18    0.000    0.000    0.000    0.000 <frozen importlib._bootstrap_external>:908(__init__)
    18/17    0.000    0.000    0.061    0.004 <frozen importlib._bootstrap_external>:919(create_module)
       18    0.000    0.000    0.000    0.000 <frozen importlib._bootstrap_external>:927(exec_module)
      175    0.000    0.000    0.003    0.000 <frozen importlib._bootstrap_external>:94(_path_isfile)
       14    0.000    0.000    0.000    0.000 <frozen importlib._bootstrap_external>:99(_path_isdir)
        1    0.000    0.000    0.000    0.000 <string>:1(<module>)
        1    0.000    0.000    0.000    0.000 <string>:5(DefragResult)
        1    0.000    0.000    0.000    0.000 <string>:5(Match)
        1    0.000    0.000    0.000    0.000 <string>:5(Mismatch)
        1    0.000    0.000    0.000    0.000 <string>:5(ParseResult)
        1    0.000    0.000    0.000    0.000 <string>:5(SplitResult)
        1    0.000    0.000    0.000    0.000 <string>:5(_LoggingWatcher)
        1    0.000    0.000    0.000    0.000 <string>:5(usage)
        1    0.000    0.000    0.000    0.000 __config__.py:3(<module>)
        1    0.000    0.000    0.000    0.000 __future__.py:48(<module>)
        1    0.000    0.000    0.000    0.000 __future__.py:78(_Feature)
        9    0.000    0.000    0.000    0.000 __future__.py:79(__init__)
        5    0.000    0.000    0.238    0.048 __init__.py:1(<module>)
        1    0.000    0.000    0.009    0.009 __init__.py:10(<module>)
        1    0.000    0.000    0.000    0.000 __init__.py:1008(FileHandler)
        1    0.000    0.000    0.165    0.165 __init__.py:106(<module>)
        1    0.000    0.000    0.000    0.000 __init__.py:1077(_StderrHandler)
        1    0.000    0.000    0.000    0.000 __init__.py:1083(__init__)
        1    0.000    0.000    0.000    0.000 __init__.py:1101(PlaceHolder)
        1    0.000    0.000    0.000    0.000 __init__.py:1143(Manager)
        1    0.000    0.000    0.000    0.000 __init__.py:1148(__init__)
        1    0.000    0.000    0.000    0.000 __init__.py:1251(Logger)
        1    0.000    0.000    0.000    0.000 __init__.py:1266(__init__)
       14    0.000    0.000    0.000    0.000 __init__.py:139(_check_size)
        1    0.000    0.000    0.007    0.007 __init__.py:15(<module>)
        1    0.000    0.000    0.000    0.000 __init__.py:151(py_object)
        1    0.000    0.000    0.000    0.000 __init__.py:1574(RootLogger)
        1    0.000    0.000    0.000    0.000 __init__.py:1580(__init__)
        1    0.000    0.000    0.000    0.000 __init__.py:1588(LoggerAdapter)
        1    0.000    0.000    0.000    0.000 __init__.py:160(c_short)
        1    0.000    0.000    0.000    0.000 __init__.py:164(c_ushort)
        1    0.000    0.000    0.000    0.000 __init__.py:168(c_long)
        1    0.000    0.000    0.000    0.000 __init__.py:172(c_ulong)
        1    0.000    0.000    0.000    0.000 __init__.py:181(c_int)
        1    0.000    0.000    0.000    0.000 __init__.py:185(c_uint)
        1    0.000    0.000    0.000    0.000 __init__.py:189(c_float)
        2    0.000    0.000    0.000    0.000 __init__.py:190(_checkLevel)
        1    0.000    0.000    0.000    0.000 __init__.py:193(c_double)
        1    0.000    0.000    0.000    0.000 __init__.py:1939(NullHandler)
        1    0.000    0.000    0.000    0.000 __init__.py:197(c_longdouble)
        1    0.000    0.000    0.000    0.000 __init__.py:218(c_ubyte)
        1    0.000    0.000    0.000    0.000 __init__.py:219(_acquireLock)
        1    0.000    0.000    0.000    0.000 __init__.py:225(c_byte)
        1    0.000    0.000    0.000    0.000 __init__.py:228(_releaseLock)
        1    0.000    0.000    0.000    0.000 __init__.py:230(c_char)
        1    0.000    0.000    0.000    0.000 __init__.py:235(c_char_p)
        1    0.000    0.000    0.000    0.000 __init__.py:239(LogRecord)
        1    0.000    0.000    0.003    0.003 __init__.py:24(<module>)
        1    0.000    0.000    0.000    0.000 __init__.py:241(c_void_p)
        1    0.000    0.000    0.000    0.000 __init__.py:246(c_bool)
        1    0.000    0.000    0.000    0.000 __init__.py:251(c_wchar_p)
        1    0.000    0.000    0.000    0.000 __init__.py:256(c_wchar)
        1    0.000    0.000    0.001    0.001 __init__.py:259(_reset_cache)
        1    0.000    0.000    0.002    0.002 __init__.py:3(<module>)
        1    0.000    0.000    0.000    0.000 __init__.py:311(CDLL)
        1    0.000    0.000    0.000    0.000 __init__.py:332(__init__)
        1    0.000    0.000    0.000    0.000 __init__.py:342(_FuncPtr)
        7    0.000    0.000    0.004    0.001 __init__.py:359(namedtuple)
        1    0.000    0.000    0.000    0.000 __init__.py:371(PyDLL)
        1    0.000    0.000    0.000    0.000 __init__.py:378(PercentStyle)
        1    0.000    0.000    0.000    0.000 __init__.py:384(__init__)
        1    0.000    0.000    0.000    0.000 __init__.py:393(StrFormatStyle)
        1    0.000    0.000    0.000    0.000 __init__.py:402(StringTemplateStyle)
        1    0.000    0.000    0.007    0.007 __init__.py:41(<module>)
        1    0.000    0.000    0.000    0.000 __init__.py:411(LibraryLoader)
        2    0.000    0.000    0.000    0.000 __init__.py:412(__init__)
       31    0.000    0.000    0.000    0.000 __init__.py:422(<genexpr>)
       31    0.000    0.000    0.000    0.000 __init__.py:424(<genexpr>)
        1    0.000    0.000    0.000    0.000 __init__.py:426(Formatter)
        2    0.000    0.000    0.021    0.011 __init__.py:45(<module>)
        1    0.000    0.000    0.000    0.000 __init__.py:470(__init__)
        3    0.000    0.000    0.000    0.000 __init__.py:476(PYFUNCTYPE)
        3    0.000    0.000    0.000    0.000 __init__.py:477(CFunctionType)
        1    0.000    0.000    0.000    0.000 __init__.py:599(BufferingFormatter)
        1    0.000    0.000    0.000    0.000 __init__.py:641(Filter)
        1    0.000    0.000    0.000    0.000 __init__.py:678(Filterer)
        2    0.000    0.000    0.000    0.000 __init__.py:683(__init__)
        1    0.000    0.000    0.035    0.035 __init__.py:7(<module>)
        3    0.000    0.000    0.000    0.000 __init__.py:73(CFUNCTYPE)
        1    0.000    0.000    0.000    0.000 __init__.py:750(_addHandlerRef)
        1    0.000    0.000    0.000    0.000 __init__.py:760(Handler)
        1    0.000    0.000    0.000    0.000 __init__.py:769(__init__)
        1    0.000    0.000    0.000    0.000 __init__.py:798(createLock)
        1    0.000    0.000    0.010    0.010 __init__.py:88(<module>)
        1    0.000    0.000    0.000    0.000 __init__.py:949(StreamHandler)
        3    0.000    0.000    0.000    0.000 __init__.py:99(CFunctionType)
        1    0.000    0.000    0.000    0.000 _collections_abc.py:657(get)
        2    0.000    0.000    0.000    0.000 _collections_abc.py:664(__contains__)
       43    0.000    0.000    0.000    0.000 _compat_pickle.py:165(<genexpr>)
       85    0.000    0.000    0.000    0.000 _compat_pickle.py:167(<genexpr>)
        1    0.000    0.000    0.000    0.000 _compat_pickle.py:9(<module>)
        1    0.000    0.000    0.000    0.000 _compression.py:1(<module>)
        1    0.000    0.000    0.000    0.000 _compression.py:33(DecompressReader)
        1    0.000    0.000    0.000    0.000 _compression.py:9(BaseStream)
        1    0.000    0.000    0.000    0.000 _datasource.py:154(DataSource)
        1    0.000    0.000    0.000    0.000 _datasource.py:35(<module>)
        1    0.000    0.000    0.000    0.000 _datasource.py:50(_FileOpeners)
        1    0.000    0.000    0.000    0.000 _datasource.py:504(Repository)
        1    0.000    0.000    0.000    0.000 _datasource.py:74(__init__)
        1    0.000    0.000    0.000    0.000 _distributor_init.py:10(<module>)
        1    0.000    0.000    0.000    0.000 _endian.py:1(<module>)
        1    0.000    0.000    0.000    0.000 _endian.py:23(_swapped_meta)
        1    0.000    0.000    0.000    0.000 _endian.py:46(BigEndianStructure)
        1    0.000    0.000    0.000    0.000 _globals.py:17(<module>)
        1    0.000    0.000    0.000    0.000 _globals.py:33(ModuleDeprecationWarning)
        1    0.000    0.000    0.000    0.000 _globals.py:45(VisibleDeprecationWarning)
        1    0.000    0.000    0.000    0.000 _globals.py:56(_NoValue)
        1    0.000    0.000    0.000    0.000 _import_tools.py:1(<module>)
        1    0.000    0.000    0.000    0.000 _import_tools.py:340(PackageLoaderDebug)
        1    0.000    0.000    0.000    0.000 _import_tools.py:9(PackageLoader)
       98    0.000    0.000    0.000    0.000 _inspect.py:133(strseq)
       38    0.000    0.000    0.000    0.000 _inspect.py:142(formatargspec)
        7    0.000    0.000    0.000    0.000 _inspect.py:144(<lambda>)
        5    0.000    0.000    0.000    0.000 _inspect.py:145(<lambda>)
       60    0.000    0.000    0.000    0.000 _inspect.py:146(<lambda>)
       43    0.000    0.000    0.000    0.000 _inspect.py:15(ismethod)
       43    0.000    0.000    0.000    0.000 _inspect.py:28(isfunction)
       38    0.000    0.000    0.000    0.000 _inspect.py:43(iscode)
       38    0.000    0.000    0.000    0.000 _inspect.py:67(getargs)
        1    0.000    0.000    0.000    0.000 _inspect.py:7(<module>)
       43    0.000    0.000    0.000    0.000 _inspect.py:98(getargspec)
        1    0.000    0.000    0.000    0.000 _internal.py:200(dummy_ctype)
        1    0.000    0.000    0.000    0.000 _internal.py:210(_getintp_ctype)
        1    0.000    0.000    0.000    0.000 _internal.py:233(_missing_ctypes)
        1    0.000    0.000    0.000    0.000 _internal.py:240(_ctypes)
        1    0.000    0.000    0.022    0.022 _internal.py:6(<module>)
        1    0.000    0.000    0.000    0.000 _internal.py:671(TooHardError)
        1    0.000    0.000    0.000    0.000 _internal.py:674(AxisError)
       51    0.000    0.000    0.000    0.000 _internal.py:703(_ufunc_doc_signature_formatter)
       78    0.000    0.000    0.000    0.000 _internal.py:714(<genexpr>)
        1    0.000    0.000    0.000    0.000 _iotools.py:155(LineSplitter)
        1    0.000    0.000    0.000    0.000 _iotools.py:251(NameValidator)
        1    0.000    0.000    0.000    0.000 _iotools.py:3(<module>)
        1    0.000    0.000    0.000    0.000 _iotools.py:445(ConverterError)
        1    0.000    0.000    0.000    0.000 _iotools.py:453(ConverterLockError)
        1    0.000    0.000    0.000    0.000 _iotools.py:461(ConversionWarning)
        1    0.000    0.000    0.000    0.000 _iotools.py:474(StringConverter)
        1    0.000    0.000    0.000    0.000 _methods.py:5(<module>)
        1    0.000    0.000    0.000    0.000 _polybase.py:19(ABCPolyBase)
        1    0.000    0.000    0.000    0.000 _polybase.py:8(<module>)
        1    0.000    0.000    0.000    0.000 _version.py:18(NumpyVersion)
        1    0.000    0.000    0.000    0.000 _version.py:7(<module>)
       11    0.000    0.000    0.000    0.000 _weakrefset.py:16(__init__)
       11    0.000    0.000    0.000    0.000 _weakrefset.py:20(__enter__)
       11    0.000    0.000    0.000    0.000 _weakrefset.py:26(__exit__)
       39    0.000    0.000    0.000    0.000 _weakrefset.py:36(__init__)
       11    0.000    0.000    0.000    0.000 _weakrefset.py:52(_commit_removals)
       19    0.000    0.000    0.000    0.000 _weakrefset.py:58(__iter__)
       15    0.000    0.000    0.000    0.000 _weakrefset.py:70(__contains__)
       18    0.000    0.000    0.000    0.000 _weakrefset.py:81(add)
       10    0.000    0.000    0.001    0.000 abc.py:132(__new__)
       10    0.000    0.000    0.000    0.000 abc.py:135(<setcomp>)
        7    0.000    0.000    0.000    0.000 abc.py:151(register)
     12/7    0.000    0.000    0.000    0.000 abc.py:194(__subclasscheck__)
       54    0.000    0.000    0.000    0.000 abc.py:9(abstractmethod)
        1    0.000    0.000    0.127    0.127 add_newdocs.py:10(<module>)
        1    0.000    0.000    0.000    0.000 argparse.py:1005(_HelpAction)
        1    0.000    0.000    0.000    0.000 argparse.py:1024(_VersionAction)
        1    0.000    0.000    0.000    0.000 argparse.py:1050(_SubParsersAction)
        1    0.000    0.000    0.000    0.000 argparse.py:1052(_ChoicesPseudoAction)
        1    0.000    0.000    0.000    0.000 argparse.py:109(_AttributeHolder)
        1    0.000    0.000    0.000    0.000 argparse.py:1146(FileType)
        1    0.000    0.000    0.000    0.000 argparse.py:1200(Namespace)
        1    0.000    0.000    0.000    0.000 argparse.py:1220(_ActionsContainer)
        1    0.000    0.000    0.000    0.000 argparse.py:150(HelpFormatter)
        1    0.000    0.000    0.000    0.000 argparse.py:1527(_ArgumentGroup)
        1    0.000    0.000    0.000    0.000 argparse.py:1561(_MutuallyExclusiveGroup)
        1    0.000    0.000    0.000    0.000 argparse.py:1581(ArgumentParser)
        1    0.000    0.000    0.000    0.000 argparse.py:200(_Section)
        1    0.000    0.000    0.001    0.001 argparse.py:62(<module>)
        1    0.000    0.000    0.000    0.000 argparse.py:637(RawDescriptionHelpFormatter)
        1    0.000    0.000    0.000    0.000 argparse.py:648(RawTextHelpFormatter)
        1    0.000    0.000    0.000    0.000 argparse.py:659(ArgumentDefaultsHelpFormatter)
        1    0.000    0.000    0.000    0.000 argparse.py:676(MetavarTypeHelpFormatter)
        1    0.000    0.000    0.000    0.000 argparse.py:709(ArgumentError)
        1    0.000    0.000    0.000    0.000 argparse.py:729(ArgumentTypeError)
        1    0.000    0.000    0.000    0.000 argparse.py:738(Action)
        1    0.000    0.000    0.000    0.000 argparse.py:829(_StoreAction)
        1    0.000    0.000    0.000    0.000 argparse.py:864(_StoreConstAction)
        1    0.000    0.000    0.000    0.000 argparse.py:887(_StoreTrueAction)
        1    0.000    0.000    0.000    0.000 argparse.py:904(_StoreFalseAction)
        1    0.000    0.000    0.000    0.000 argparse.py:921(_AppendAction)
        1    0.000    0.000    0.000    0.000 argparse.py:958(_AppendConstAction)
        1    0.000    0.000    0.000    0.000 argparse.py:984(_CountAction)
        1    0.000    0.000    0.000    0.000 arraypad.py:5(<module>)
        1    0.000    0.000    0.000    0.000 arrayprint.py:368(_recursive_guard)
        1    0.000    0.000    0.000    0.000 arrayprint.py:378(decorating_function)
        1    0.000    0.000    0.002    0.002 arrayprint.py:5(<module>)
        1    0.000    0.000    0.000    0.000 arrayprint.py:602(FloatFormat)
        1    0.000    0.000    0.000    0.000 arrayprint.py:711(IntegerFormat)
        1    0.000    0.000    0.000    0.000 arrayprint.py:731(LongFloatFormat)
        1    0.000    0.000    0.000    0.000 arrayprint.py:761(LongComplexFormat)
        1    0.000    0.000    0.000    0.000 arrayprint.py:772(ComplexFormat)
        1    0.000    0.000    0.000    0.000 arrayprint.py:789(DatetimeFormat)
        1    0.000    0.000    0.000    0.000 arrayprint.py:810(TimedeltaFormat)
        1    0.000    0.000    0.000    0.000 arrayprint.py:837(SubArrayFormat)
        1    0.000    0.000    0.000    0.000 arrayprint.py:847(StructureFormat)
        1    0.000    0.000    0.000    0.000 arraysetops.py:27(<module>)
        1    0.000    0.000    0.000    0.000 arrayterator.py:20(Arrayterator)
        1    0.000    0.000    0.000    0.000 arrayterator.py:9(<module>)
        1    0.000    0.000    0.000    0.000 ast.py:229(NodeVisitor)
        1    0.000    0.000    0.000    0.000 ast.py:26(<module>)
        1    0.000    0.000    0.000    0.000 ast.py:266(NodeTransformer)
        1    0.000    0.000    0.001    0.001 bisect.py:1(<module>)
        1    0.000    0.000    0.000    0.000 bz2.py:32(BZ2File)
        1    0.000    0.000    0.002    0.002 bz2.py:5(<module>)
        1    0.000    0.000    0.008    0.008 case.py:1(<module>)
        1    0.000    0.000    0.000    0.000 case.py:128(_BaseTestCaseContext)
       10    0.000    0.000    0.000    0.000 case.py:1315(_deprecate)
        1    0.000    0.000    0.000    0.000 case.py:1337(FunctionTestCase)
        1    0.000    0.000    0.000    0.000 case.py:137(_AssertRaisesBaseContext)
        1    0.000    0.000    0.000    0.000 case.py:1395(_SubTest)
        1    0.000    0.000    0.000    0.000 case.py:184(_AssertRaisesContext)
        1    0.000    0.000    0.000    0.000 case.py:221(_AssertWarnsContext)
        1    0.000    0.000    0.000    0.000 case.py:25(SkipTest)
        1    0.000    0.000    0.000    0.000 case.py:278(_CapturingHandler)
        1    0.000    0.000    0.000    0.000 case.py:297(_AssertLogsContext)
        1    0.000    0.000    0.000    0.000 case.py:33(_ShouldStop)
        1    0.000    0.000    0.000    0.000 case.py:341(TestCase)
        1    0.000    0.000    0.000    0.000 case.py:38(_UnexpectedSuccess)
        1    0.000    0.000    0.000    0.000 case.py:44(_Outcome)
        1    0.000    0.000    0.000    0.000 chebyshev.py:2036(Chebyshev)
        1    0.000    0.000    0.000    0.000 chebyshev.py:87(<module>)
        6    0.000    0.000    0.000    0.000 contextlib.py:129(contextmanager)
        1    0.000    0.000    0.000    0.000 copyreg.py:12(pickle)
        1    0.000    0.000    0.000    0.000 copyreg.py:22(constructor)
        1    0.000    0.000    0.000    0.000 core.py:1001(_MaskedBinaryOperation)
       18    0.000    0.000    0.000    0.000 core.py:1021(__init__)
        1    0.000    0.000    0.000    0.000 core.py:1153(_DomainedBinaryOperation)
        6    0.000    0.000    0.000    0.000 core.py:1174(__init__)
        4    0.000    0.000    0.000    0.000 core.py:124(doc_note)
       43    0.000    0.000    0.001    0.000 core.py:143(get_object_signature)
        1    0.000    0.000    0.000    0.000 core.py:160(MAError)
        1    0.000    0.000    0.000    0.000 core.py:168(MaskError)
        1    0.000    0.000    0.000    0.000 core.py:200(<listcomp>)
        1    0.000    0.000    0.000    0.000 core.py:202(<listcomp>)
        1    0.001    0.001    0.003    0.003 core.py:21(<module>)
        1    0.000    0.000    0.000    0.000 core.py:2400(_MaskedPrintOption)
        1    0.000    0.000    0.000    0.000 core.py:2406(__init__)
        9    0.000    0.000    0.000    0.000 core.py:2569(_arraymethod)
        1    0.000    0.000    0.000    0.000 core.py:2617(MaskedIterator)
        1    0.000    0.000    0.000    0.000 core.py:2731(MaskedArray)
        1    0.000    0.000    0.000    0.000 core.py:6046(mvoid)
        1    0.000    0.000    0.000    0.000 core.py:6248(MaskedConstant)
        1    0.000    0.000    0.000    0.000 core.py:6255(__new__)
        1    0.000    0.000    0.000    0.000 core.py:6258(__array_finalize__)
        1    0.000    0.000    0.000    0.000 core.py:6361(_extrema_operation)
        2    0.000    0.000    0.000    0.000 core.py:6370(__init__)
        1    0.000    0.000    0.000    0.000 core.py:6482(_frommethod)
       26    0.000    0.000    0.001    0.000 core.py:6493(__init__)
       26    0.000    0.000    0.000    0.000 core.py:6498(getdoc)
        1    0.000    0.000    0.000    0.000 core.py:7960(_convert2ma)
        8    0.000    0.000    0.000    0.000 core.py:7973(__init__)
        8    0.000    0.000    0.000    0.000 core.py:7978(getdoc)
        1    0.000    0.000    0.000    0.000 core.py:826(_DomainCheckInterval)
        3    0.000    0.000    0.000    0.000 core.py:835(__init__)
        1    0.000    0.000    0.000    0.000 core.py:851(_DomainTan)
        1    0.000    0.000    0.000    0.000 core.py:859(__init__)
        1    0.000    0.000    0.000    0.000 core.py:869(_DomainSafeDivide)
        6    0.000    0.000    0.000    0.000 core.py:875(__init__)
        1    0.000    0.000    0.000    0.000 core.py:890(_DomainGreater)
        3    0.000    0.000    0.000    0.000 core.py:896(__init__)
        1    0.000    0.000    0.000    0.000 core.py:906(_DomainGreaterEqual)
        2    0.000    0.000    0.000    0.000 core.py:912(__init__)
        1    0.000    0.000    0.000    0.000 core.py:922(_MaskedUnaryOperation)
        1    0.000    0.000    0.000    0.000 core.py:93(MaskedArrayFutureWarning)
       27    0.000    0.000    0.000    0.000 core.py:940(__init__)
        1    0.000    0.000    0.000    0.000 ctypeslib.py:177(_ndptr)
       12    0.000    0.000    0.000    0.000 ctypeslib.py:330(prep_simple)
        1    0.000    0.000    0.000    0.000 ctypeslib.py:51(<module>)
        1    0.000    0.000    0.000    0.000 datetime.py:1023(time)
        2    0.000    0.000    0.000    0.000 datetime.py:1048(__new__)
        1    0.000    0.000    0.000    0.000 datetime.py:1360(datetime)
        3    0.000    0.000    0.000    0.000 datetime.py:1368(__new__)
        1    0.000    0.000    0.000    0.000 datetime.py:1949(timezone)
        3    0.000    0.000    0.000    0.000 datetime.py:1972(_create)
       35    0.000    0.000    0.000    0.000 datetime.py:261(_check_int_field)
        5    0.000    0.000    0.000    0.000 datetime.py:278(_check_date_fields)
        5    0.000    0.000    0.000    0.000 datetime.py:291(_check_time_fields)
        5    0.000    0.000    0.000    0.000 datetime.py:308(_check_tzinfo_arg)
        1    0.000    0.000    0.000    0.000 datetime.py:336(timedelta)
        9    0.000    0.000    0.000    0.000 datetime.py:355(__new__)
        3    0.000    0.000    0.000    0.000 datetime.py:40(_days_before_year)
        5    0.000    0.000    0.000    0.000 datetime.py:45(_days_in_month)
        1    0.000    0.000    0.004    0.004 datetime.py:5(<module>)
        1    0.000    0.000    0.000    0.000 datetime.py:530(__neg__)
        1    0.000    0.000    0.000    0.000 datetime.py:658(date)
        2    0.000    0.000    0.000    0.000 datetime.py:688(__new__)
        1    0.000    0.000    0.000    0.000 datetime.py:953(tzinfo)
        1    0.000    0.000    0.017    0.017 decorators.py:15(<module>)
        1    0.000    0.000    0.000    0.000 defchararray.py:1669(chararray)
        1    0.000    0.000    0.000    0.000 defchararray.py:17(<module>)
        1    0.000    0.000    0.001    0.001 defmatrix.py:1(<module>)
        1    0.000    0.000    0.000    0.000 defmatrix.py:174(matrix)
        1    0.000    0.000    0.000    0.000 difflib.py:1703(HtmlDiff)
        1    0.000    0.000    0.001    0.001 difflib.py:27(<module>)
        1    0.000    0.000    0.000    0.000 difflib.py:43(SequenceMatcher)
        1    0.000    0.000    0.000    0.000 difflib.py:751(Differ)
        1    0.000    0.000    0.000    0.000 einsumfunc.py:4(<module>)
      554    0.000    0.000    0.001    0.000 enum.py:265(__call__)
      554    0.000    0.000    0.000    0.000 enum.py:515(__new__)
       51    0.000    0.000    0.000    0.000 enum.py:592(name)
        3    0.000    0.000    0.000    0.000 enum.py:597(value)
        3    0.000    0.000    0.000    0.000 enum.py:758(_missing_)
        3    0.000    0.000    0.000    0.000 enum.py:765(_create_pseudo_member_)
       24    0.000    0.000    0.000    0.000 enum.py:795(__or__)
      253    0.000    0.000    0.001    0.000 enum.py:801(__and__)
       18    0.000    0.000    0.000    0.000 enum.py:820(_high_bit)
        3    0.000    0.000    0.000    0.000 enum.py:837(_decompose)
        3    0.000    0.000    0.000    0.000 enum.py:855(<listcomp>)
        7    0.000    0.000    0.000    0.000 enum.py:866(<lambda>)
       24    0.000    0.000    0.000    0.000 enum.py:872(_power_of_two)
        1    0.000    0.000    0.000    0.000 extras.py:10(<module>)
        1    0.000    0.000    0.000    0.000 extras.py:1453(MAxisConcatenator)
        1    0.000    0.000    0.000    0.000 extras.py:1478(mr_class)
        1    0.000    0.000    0.000    0.000 extras.py:1494(__init__)
        1    0.000    0.000    0.000    0.000 extras.py:218(_fromnxfunction)
        9    0.000    0.000    0.000    0.000 extras.py:238(__init__)
        9    0.000    0.000    0.000    0.000 extras.py:242(getdoc)
        1    0.000    0.000    0.000    0.000 extras.py:273(_fromnxfunction_single)
        1    0.000    0.000    0.000    0.000 extras.py:291(_fromnxfunction_seq)
        1    0.000    0.000    0.000    0.000 extras.py:304(_fromnxfunction_args)
        1    0.000    0.000    0.000    0.000 extras.py:329(_fromnxfunction_allargs)
        1    0.000    0.000    0.004    0.004 fftpack.py:32(<module>)
        1    0.000    0.000    0.000    0.000 financial.py:10(<module>)
        1    0.000    0.000    0.000    0.000 fnmatch.py:11(<module>)
        1    0.000    0.000    0.000    0.000 format.py:149(<module>)
        1    0.000    0.000    0.001    0.001 fromnumeric.py:3(<module>)
        2    0.000    0.000    0.001    0.000 function_base.py:1(<module>)
        1    0.000    0.000    0.000    0.000 function_base.py:2522(vectorize)
      275    0.000    0.000    0.002    0.000 function_base.py:4514(add_newdoc)
       28    0.000    0.000    0.001    0.000 functools.py:44(update_wrapper)
        2    0.000    0.000    0.000    0.000 functools.py:448(lru_cache)
        2    0.000    0.000    0.000    0.000 functools.py:479(decorating_function)
       26    0.000    0.000    0.000    0.000 functools.py:74(wraps)
       30    0.000    0.000    0.001    0.000 getlimits.py:26(_fr1)
        1    0.002    0.002    0.005    0.005 getlimits.py:3(<module>)
        1    0.000    0.000    0.000    0.000 getlimits.py:305(finfo)
        1    0.000    0.000    0.000    0.000 getlimits.py:455(iinfo)
        5    0.000    0.000    0.000    0.000 getlimits.py:507(__init__)
        2    0.000    0.000    0.000    0.000 getlimits.py:532(max)
        1    0.000    0.000    0.000    0.000 getlimits.py:62(MachArLike)
        6    0.001    0.000    0.003    0.000 getlimits.py:65(__init__)
       36    0.000    0.000    0.000    0.000 getlimits.py:69(<lambda>)
       30    0.000    0.000    0.001    0.000 getlimits.py:70(<lambda>)
       14    0.000    0.000    0.002    0.000 hashlib.py:116(__get_openssl_constructor)
        1    0.000    0.000    0.014    0.014 hashlib.py:54(<module>)
        8    0.000    0.000    0.002    0.000 hashlib.py:73(__get_builtin_constructor)
        1    0.000    0.000    0.000    0.000 helper.py:230(_FFTCache)
        2    0.000    0.000    0.000    0.000 helper.py:251(__init__)
        1    0.000    0.000    0.000    0.000 helper.py:4(<module>)
        1    0.000    0.000    0.000    0.000 hermite.py:1810(Hermite)
        1    0.000    0.000    0.000    0.000 hermite.py:59(<module>)
        1    0.000    0.000    0.000    0.000 hermite_e.py:1807(HermiteE)
        1    0.000    0.000    0.000    0.000 hermite_e.py:59(<module>)
        1    0.000    0.000    0.005    0.005 index_tricks.py:1(<module>)
        2    0.000    0.000    0.000    0.000 index_tricks.py:159(__init__)
        1    0.000    0.000    0.000    0.000 index_tricks.py:231(AxisConcatenator)
        3    0.000    0.000    0.000    0.000 index_tricks.py:241(__init__)
        1    0.000    0.000    0.000    0.000 index_tricks.py:356(RClass)
        1    0.000    0.000    0.000    0.000 index_tricks.py:451(__init__)
        1    0.000    0.000    0.000    0.000 index_tricks.py:456(CClass)
        1    0.000    0.000    0.000    0.000 index_tricks.py:481(__init__)
        1    0.000    0.000    0.000    0.000 index_tricks.py:486(ndenumerate)
        1    0.000    0.000    0.000    0.000 index_tricks.py:536(ndindex)
        1    0.000    0.000    0.000    0.000 index_tricks.py:614(IndexExpression)
        2    0.000    0.000    0.000    0.000 index_tricks.py:658(__init__)
        1    0.000    0.000    0.000    0.000 index_tricks.py:98(nd_grid)
        1    0.000    0.000    0.000    0.000 info.py:156(<module>)
        1    0.000    0.000    0.000    0.000 info.py:184(<module>)
        1    0.000    0.000    0.000    0.000 info.py:34(<module>)
        1    0.000    0.000    0.000    0.000 info.py:83(<module>)
        1    0.000    0.000    0.000    0.000 info.py:86(<module>)
        1    0.003    0.003    0.520    0.520 initial.py:1(<module>)
        3    0.000    0.000    0.000    0.000 initial.py:14(__init__)
     1000    0.114    0.000    0.327    0.000 initial.py:58(diffusion)
        1    0.000    0.000    0.000    0.000 initial.py:8(Organism)
        1    0.000    0.000    0.000    0.000 laguerre.py:1760(Laguerre)
        1    0.000    0.000    0.000    0.000 laguerre.py:59(<module>)
        1    0.000    0.000    0.000    0.000 legendre.py:1790(Legendre)
        1    0.000    0.000    0.000    0.000 legendre.py:83(<module>)
        1    0.000    0.000    0.004    0.004 linalg.py:10(<module>)
        1    0.000    0.000    0.000    0.000 linalg.py:43(LinAlgError)
        1    0.000    0.000    0.000    0.000 linalg.py:76(_determine_error_states)
        1    0.000    0.000    0.001    0.001 loader.py:1(<module>)
        1    0.000    0.000    0.000    0.000 loader.py:23(_FailedTest)
        1    0.000    0.000    0.000    0.000 loader.py:66(TestLoader)
        1    0.000    0.000    0.000    0.000 loader.py:76(__init__)
        1    0.000    0.000    0.000    0.000 lzma.py:38(LZMAFile)
        1    0.000    0.000    0.002    0.002 lzma.py:9(<module>)
        1    0.000    0.000    0.000    0.000 machar.py:17(MachAr)
        1    0.000    0.000    0.000    0.000 machar.py:7(<module>)
        1    0.000    0.000    0.003    0.003 main.py:1(<module>)
        1    0.000    0.000    0.000    0.000 main.py:49(TestProgram)
        1    0.000    0.000    0.000    0.000 memmap.py:1(<module>)
        1    0.000    0.000    0.000    0.000 memmap.py:20(memmap)
        1    0.000    0.000    0.000    0.000 mixins.py:1(<module>)
       19    0.000    0.000    0.000    0.000 mixins.py:20(_binary_method)
       13    0.000    0.000    0.000    0.000 mixins.py:30(_reflected_binary_method)
       12    0.000    0.000    0.000    0.000 mixins.py:40(_inplace_binary_method)
       12    0.000    0.000    0.000    0.000 mixins.py:48(_numeric_methods)
        4    0.000    0.000    0.000    0.000 mixins.py:55(_unary_method)
        1    0.000    0.000    0.000    0.000 mixins.py:63(NDArrayOperatorsMixin)
        1    0.000    0.000    0.000    0.000 nanfunctions.py:21(<module>)
        1    0.000    0.000    0.000    0.000 nosetester.py:110(NoseTester)
       19    0.000    0.000    0.000    0.000 nosetester.py:152(__init__)
       19    0.000    0.000    0.000    0.000 nosetester.py:518(_numpy_tester)
        1    0.000    0.000    0.000    0.000 nosetester.py:6(<module>)
        1    0.000    0.000    0.002    0.002 npyio.py:1(<module>)
        1    0.000    0.000    0.000    0.000 npyio.py:104(NpzFile)
        1    0.000    0.000    0.000    0.000 npyio.py:40(BagObj)
        1    0.000    0.000    0.001    0.001 ntpath.py:6(<module>)
        1    0.000    0.000    0.000    0.000 numbers.py:12(Number)
        1    0.000    0.000    0.000    0.000 numbers.py:147(Real)
        1    0.000    0.000    0.000    0.000 numbers.py:267(Rational)
        1    0.000    0.000    0.000    0.000 numbers.py:294(Integral)
        1    0.000    0.000    0.000    0.000 numbers.py:32(Complex)
        1    0.000    0.000    0.001    0.001 numbers.py:6(<module>)
        1    0.000    0.000    0.008    0.008 numeric.py:1(<module>)
     8000    0.168    0.000    0.213    0.000 numeric.py:1343(roll)
     8000    0.003    0.000    0.003    0.000 numeric.py:1412(<dictcomp>)
     8000    0.018    0.000    0.030    0.000 numeric.py:1489(normalize_axis_tuple)
    20000    0.006    0.000    0.009    0.000 numeric.py:1536(<genexpr>)
        2    0.000    0.000    0.000    0.000 numeric.py:1942(set_string_function)
        3    0.000    0.000    0.000    0.000 numeric.py:258(full)
        6    0.000    0.000    0.000    0.000 numeric.py:2667(seterr)
        6    0.000    0.000    0.000    0.000 numeric.py:2767(geterr)
        1    0.000    0.000    0.000    0.000 numeric.py:2992(_unspecified)
        1    0.000    0.000    0.000    0.000 numeric.py:2997(errstate)
        3    0.000    0.000    0.000    0.000 numeric.py:3060(__init__)
        3    0.000    0.000    0.000    0.000 numeric.py:3064(__enter__)
        3    0.000    0.000    0.000    0.000 numeric.py:3069(__exit__)
        1    0.000    0.000    0.000    0.000 numeric.py:3075(_setdef)
        3    0.000    0.000    0.000    0.000 numeric.py:367(extend_all)
        1    0.000    0.000    0.000    0.000 numeric.py:374(<listcomp>)
     8000    0.003    0.000    0.006    0.000 numeric.py:534(asanyarray)
        1    0.000    0.000    0.000    0.000 numeric.py:76(ComplexWarning)
        1    0.000    0.000    0.000    0.000 numerictypes.py:120(<listcomp>)
       72    0.000    0.000    0.000    0.000 numerictypes.py:127(english_lower)
       40    0.000    0.000    0.000    0.000 numerictypes.py:154(english_upper)
       14    0.000    0.000    0.000    0.000 numerictypes.py:181(english_capitalize)
       23    0.000    0.000    0.000    0.000 numerictypes.py:216(_evalname)
       26    0.000    0.000    0.000    0.000 numerictypes.py:229(bitname)
        1    0.000    0.000    0.000    0.000 numerictypes.py:285(_add_types)
        1    0.000    0.000    0.000    0.000 numerictypes.py:301(_add_aliases)
        1    0.000    0.000    0.000    0.000 numerictypes.py:338(_add_integer_aliases)
        1    0.000    0.000    0.000    0.000 numerictypes.py:379(_set_up_aliases)
        1    0.000    0.000    0.000    0.000 numerictypes.py:428(_construct_char_code_lookup)
       30    0.000    0.000    0.000    0.000 numerictypes.py:443(_add_array_type)
        1    0.000    0.000    0.000    0.000 numerictypes.py:451(_set_array_types)
        1    0.000    0.000    0.000    0.000 numerictypes.py:765(_typedict)
        1    0.000    0.000    0.000    0.000 numerictypes.py:781(_construct_lookups)
        1    0.000    0.000    0.004    0.004 numerictypes.py:82(<module>)
        1    0.000    0.000    0.000    0.000 numerictypes.py:957(_register_types)
        1    0.000    0.000    0.000    0.000 os.py:1065(__subclasshook__)
        3    0.000    0.000    0.000    0.000 os.py:664(__getitem__)
        2    0.000    0.000    0.000    0.000 os.py:672(__setitem__)
        2    0.000    0.000    0.000    0.000 os.py:678(__delitem__)
        9    0.000    0.000    0.000    0.000 os.py:740(encode)
        1    0.000    0.000    0.000    0.000 parse.py:126(_ResultMixinStr)
        1    0.000    0.000    0.000    0.000 parse.py:134(_ResultMixinBytes)
        1    0.000    0.000    0.000    0.000 parse.py:142(_NetlocResultMixinBase)
        1    0.000    0.000    0.000    0.000 parse.py:173(_NetlocResultMixinStr)
        1    0.000    0.000    0.000    0.000 parse.py:203(_NetlocResultMixinBytes)
        1    0.000    0.000    0.002    0.002 parse.py:28(<module>)
        1    0.000    0.000    0.000    0.000 parse.py:308(DefragResult)
        1    0.000    0.000    0.000    0.000 parse.py:316(SplitResult)
        1    0.000    0.000    0.000    0.000 parse.py:321(ParseResult)
        1    0.000    0.000    0.000    0.000 parse.py:327(DefragResultBytes)
        1    0.000    0.000    0.000    0.000 parse.py:335(SplitResultBytes)
        1    0.000    0.000    0.000    0.000 parse.py:340(ParseResultBytes)
        1    0.000    0.000    0.000    0.000 parse.py:346(_fix_result_transcoding)
        1    0.000    0.000    0.000    0.000 parse.py:723(Quoter)
        1    0.000    0.000    0.007    0.007 pathlib.py:1(<module>)
        1    0.000    0.000    0.000    0.000 pathlib.py:107(_WindowsFlavour)
       27    0.000    0.000    0.000    0.000 pathlib.py:119(<genexpr>)
       27    0.000    0.000    0.000    0.000 pathlib.py:120(<genexpr>)
        1    0.000    0.000    0.000    0.000 pathlib.py:126(<setcomp>)
        1    0.000    0.000    0.000    0.000 pathlib.py:127(<setcomp>)
        1    0.000    0.000    0.000    0.000 pathlib.py:1424(PosixPath)
        1    0.000    0.000    0.000    0.000 pathlib.py:1427(WindowsPath)
        1    0.000    0.000    0.000    0.000 pathlib.py:274(_PosixFlavour)
        1    0.000    0.000    0.000    0.000 pathlib.py:377(_Accessor)
        1    0.000    0.000    0.000    0.000 pathlib.py:382(_NormalAccessor)
       11    0.000    0.000    0.000    0.000 pathlib.py:384(_wrap_strfunc)
        2    0.000    0.000    0.000    0.000 pathlib.py:390(_wrap_binary_strfunc)
        1    0.000    0.000    0.000    0.000 pathlib.py:44(_Flavour)
        1    0.000    0.000    0.000    0.000 pathlib.py:467(_Selector)
        2    0.000    0.000    0.000    0.000 pathlib.py:48(__init__)
        1    0.000    0.000    0.000    0.000 pathlib.py:492(_TerminatingSelector)
        1    0.000    0.000    0.000    0.000 pathlib.py:498(_PreciseSelector)
        1    0.000    0.000    0.000    0.000 pathlib.py:514(_WildcardSelector)
        1    0.000    0.000    0.000    0.000 pathlib.py:537(_RecursiveWildcardSelector)
        1    0.000    0.000    0.000    0.000 pathlib.py:574(_PathParents)
        1    0.000    0.000    0.000    0.000 pathlib.py:602(PurePath)
        1    0.000    0.000    0.000    0.000 pathlib.py:957(PurePosixPath)
        1    0.000    0.000    0.000    0.000 pathlib.py:962(PureWindowsPath)
        1    0.000    0.000    0.000    0.000 pathlib.py:970(Path)
        1    0.000    0.000    0.000    0.000 pickle.py:181(<listcomp>)
        1    0.000    0.000    0.000    0.000 pickle.py:184(_Framer)
        1    0.000    0.000    0.000    0.000 pickle.py:220(_Unframer)
        1    0.000    0.000    0.004    0.004 pickle.py:24(<module>)
        1    0.000    0.000    0.000    0.000 pickle.py:345(_Pickler)
        1    0.000    0.000    0.000    0.000 pickle.py:64(PickleError)
        1    0.000    0.000    0.000    0.000 pickle.py:68(PicklingError)
        1    0.000    0.000    0.000    0.000 pickle.py:75(UnpicklingError)
        1    0.000    0.000    0.000    0.000 pickle.py:88(_Stop)
        1    0.000    0.000    0.000    0.000 pickle.py:986(_Unpickler)
        1    0.000    0.000    0.000    0.000 polynomial.py:1601(Polynomial)
        1    0.000    0.000    0.000    0.000 polynomial.py:22(RankWarning)
        1    0.000    0.000    0.006    0.006 polynomial.py:4(<module>)
        1    0.000    0.000    0.002    0.002 polynomial.py:56(<module>)
        1    0.000    0.000    0.000    0.000 polynomial.py:939(poly1d)
        1    0.000    0.000    0.000    0.000 polyutils.py:45(<module>)
        1    0.000    0.000    0.000    0.000 polyutils.py:58(RankWarning)
        1    0.000    0.000    0.000    0.000 polyutils.py:62(PolyError)
        1    0.000    0.000    0.000    0.000 polyutils.py:66(PolyDomainError)
        1    0.000    0.000    0.000    0.000 polyutils.py:79(PolyBase)
       19    0.000    0.000    0.000    0.000 posixpath.py:152(dirname)
       19    0.000    0.000    0.000    0.000 posixpath.py:39(_get_sep)
        1    0.000    0.000    0.000    0.000 posixpath.py:50(normcase)
        1    0.000    0.000    0.000    0.000 pprint.py:35(<module>)
        1    0.000    0.000    0.000    0.000 pprint.py:72(_safe_key)
        1    0.000    0.000    0.000    0.000 pprint.py:98(PrettyPrinter)
        1    0.000    0.000    0.008    0.008 py3k.py:4(<module>)
        1    0.000    0.000    0.018    0.018 random.py:38(<module>)
        1    0.000    0.000    0.000    0.000 random.py:663(SystemRandom)
        1    0.000    0.000    0.000    0.000 random.py:71(Random)
        1    0.000    0.000    0.000    0.000 random.py:87(__init__)
        1    0.000    0.000    0.000    0.000 random.py:96(seed)
      102    0.000    0.000    0.000    0.000 re.py:169(match)
       17    0.000    0.000    0.006    0.000 re.py:231(compile)
        1    0.000    0.000    0.000    0.000 re.py:249(escape)
      119    0.000    0.000    0.006    0.000 re.py:286(_compile)
        1    0.000    0.000    0.000    0.000 records.py:215(record)
        1    0.000    0.000    0.000    0.000 records.py:298(recarray)
        1    0.000    0.000    0.000    0.000 records.py:36(<module>)
        1    0.000    0.000    0.000    0.000 records.py:83(format_parser)
        1    0.000    0.000    0.001    0.001 result.py:1(<module>)
        3    0.000    0.000    0.000    0.000 result.py:12(failfast)
        1    0.000    0.000    0.000    0.000 result.py:24(TestResult)
        1    0.000    0.000    0.001    0.001 runner.py:1(<module>)
        1    0.000    0.000    0.000    0.000 runner.py:120(TextTestRunner)
        1    0.000    0.000    0.000    0.000 runner.py:13(_WritelnDecorator)
        1    0.000    0.000    0.000    0.000 runner.py:29(TextTestResult)
        1    0.000    0.000    0.000    0.000 scimath.py:17(<module>)
        2    0.000    0.000    0.000    0.000 shape_base.py:1(<module>)
        1    0.000    0.000    0.000    0.000 shape_base.py:364(_Recurser)
        1    0.000    0.000    0.012    0.012 shutil.py:5(<module>)
        1    0.000    0.000    0.000    0.000 shutil.py:55(Error)
        1    0.000    0.000    0.000    0.000 shutil.py:58(SameFileError)
        1    0.000    0.000    0.000    0.000 shutil.py:61(SpecialFileError)
        1    0.000    0.000    0.000    0.000 shutil.py:65(ExecError)
        1    0.000    0.000    0.000    0.000 shutil.py:68(ReadError)
        1    0.000    0.000    0.000    0.000 shutil.py:71(RegistryError)
        1    0.000    0.000    0.000    0.000 signals.py:1(<module>)
        1    0.000    0.000    0.000    0.000 signals.py:9(_InterruptHandler)
      248    0.000    0.000    0.000    0.000 sre_compile.py:102(fixup)
       23    0.000    0.000    0.002    0.000 sre_compile.py:223(_compile_charset)
       23    0.001    0.000    0.002    0.000 sre_compile.py:250(_optimize_charset)
       10    0.000    0.000    0.000    0.000 sre_compile.py:376(_mk_bitmap)
       10    0.000    0.000    0.000    0.000 sre_compile.py:378(<listcomp>)
        6    0.000    0.000    0.000    0.000 sre_compile.py:381(_bytes_to_codes)
       25    0.000    0.000    0.000    0.000 sre_compile.py:388(_simple)
        1    0.000    0.000    0.000    0.000 sre_compile.py:393(_generate_overlap_table)
      7/5    0.000    0.000    0.000    0.000 sre_compile.py:414(_get_literal_prefix)
        4    0.000    0.000    0.000    0.000 sre_compile.py:441(_get_charset_prefix)
       14    0.000    0.000    0.000    0.000 sre_compile.py:482(_compile_info)
       28    0.000    0.000    0.000    0.000 sre_compile.py:539(isstring)
       14    0.000    0.000    0.003    0.000 sre_compile.py:542(_code)
       14    0.000    0.000    0.006    0.000 sre_compile.py:557(compile)
    55/14    0.000    0.000    0.003    0.000 sre_compile.py:64(_compile)
       55    0.000    0.000    0.000    0.000 sre_parse.py:111(__init__)
       79    0.000    0.000    0.000    0.000 sre_parse.py:159(__len__)
      195    0.000    0.000    0.000    0.000 sre_parse.py:163(__getitem__)
       25    0.000    0.000    0.000    0.000 sre_parse.py:167(__setitem__)
      134    0.000    0.000    0.000    0.000 sre_parse.py:171(append)
    90/49    0.000    0.000    0.000    0.000 sre_parse.py:173(getwidth)
       14    0.000    0.000    0.000    0.000 sre_parse.py:223(__init__)
      599    0.000    0.000    0.000    0.000 sre_parse.py:232(__next)
      157    0.000    0.000    0.000    0.000 sre_parse.py:248(match)
      473    0.000    0.000    0.000    0.000 sre_parse.py:253(get)
        8    0.000    0.000    0.000    0.000 sre_parse.py:266(getuntil)
       84    0.000    0.000    0.000    0.000 sre_parse.py:285(tell)
        1    0.000    0.000    0.000    0.000 sre_parse.py:287(seek)
       13    0.000    0.000    0.000    0.000 sre_parse.py:342(_escape)
    26/14    0.000    0.000    0.002    0.000 sre_parse.py:407(_parse_sub)
    29/14    0.001    0.000    0.002    0.000 sre_parse.py:470(_parse)
       14    0.000    0.000    0.000    0.000 sre_parse.py:76(__init__)
       48    0.000    0.000    0.000    0.000 sre_parse.py:81(groups)
       14    0.000    0.000    0.000    0.000 sre_parse.py:828(fix_flags)
       10    0.000    0.000    0.000    0.000 sre_parse.py:84(opengroup)
       14    0.000    0.000    0.002    0.000 sre_parse.py:844(parse)
       10    0.000    0.000    0.000    0.000 sre_parse.py:96(closegroup)
        1    0.000    0.000    0.000    0.000 stride_tricks.py:15(DummyArray)
        1    0.000    0.000    0.000    0.000 stride_tricks.py:7(<module>)
        1    0.000    0.000    0.002    0.002 string.py:15(<module>)
        1    0.000    0.000    0.000    0.000 string.py:169(Formatter)
        1    0.000    0.000    0.000    0.000 string.py:55(_TemplateMetaclass)
        1    0.000    0.000    0.002    0.002 string.py:65(__init__)
        1    0.000    0.000    0.000    0.000 string.py:77(Template)
        1    0.000    0.000    0.000    0.000 suite.py:1(<module>)
        1    0.000    0.000    0.000    0.000 suite.py:16(BaseTestSuite)
        1    0.000    0.000    0.000    0.000 suite.py:270(_ErrorHolder)
        1    0.000    0.000    0.000    0.000 suite.py:317(_DebugResult)
        1    0.000    0.000    0.000    0.000 suite.py:92(TestSuite)
        1    0.000    0.000    0.000    0.000 tempfile.py:136(_RandomNameSequence)
        1    0.000    0.000    0.000    0.000 tempfile.py:24(<module>)
        1    0.000    0.000    0.000    0.000 tempfile.py:416(_TemporaryFileCloser)
        1    0.000    0.000    0.000    0.000 tempfile.py:459(_TemporaryFileWrapper)
        1    0.000    0.000    0.000    0.000 tempfile.py:629(SpooledTemporaryFile)
        1    0.000    0.000    0.000    0.000 tempfile.py:777(TemporaryDirectory)
        2    0.000    0.000    0.000    0.000 threading.py:74(RLock)
        1    0.000    0.000    0.000    0.000 twodim_base.py:3(<module>)
        1    0.000    0.000    0.103    0.103 type_check.py:3(<module>)
       54    0.000    0.000    0.000    0.000 types.py:135(__get__)
        3    0.000    0.000    0.000    0.000 ufunclike.py:14(_deprecate_out_named_y)
        1    0.000    0.000    0.000    0.000 ufunclike.py:5(<module>)
        1    0.000    0.000    0.001    0.001 util.py:1(<module>)
        1    0.000    0.000    0.001    0.001 utils.py:1(<module>)
        3    0.000    0.000    0.000    0.000 utils.py:118(deprecate)
        1    0.000    0.000    0.000    0.000 utils.py:1589(WarningMessage)
        1    0.000    0.000    0.000    0.000 utils.py:1622(WarningManager)
        1    0.000    0.000    0.000    0.000 utils.py:1849(IgnoreException)
        1    0.000    0.000    0.000    0.000 utils.py:1890(clear_and_catch_warnings)
        1    0.000    0.000    0.000    0.000 utils.py:1955(suppress_warnings)
        1    0.000    0.000    0.016    0.016 utils.py:4(<module>)
        1    0.000    0.000    0.000    0.000 utils.py:41(KnownFailureException)
        3    0.000    0.000    0.000    0.000 utils.py:52(_set_function_name)
        1    0.000    0.000    0.000    0.000 utils.py:57(_Deprecate)
        3    0.000    0.000    0.000    0.000 utils.py:69(__init__)
        3    0.000    0.000    0.000    0.000 utils.py:74(__call__)
        1    0.000    0.000    0.000    0.000 utils.py:997(SafeEval)
        1    0.000    0.000    0.000    0.000 version.py:5(<module>)
        4    0.000    0.000    0.001    0.000 warnings.py:119(filterwarnings)
        1    0.000    0.000    0.000    0.000 warnings.py:143(simplefilter)
        5    0.000    0.000    0.000    0.000 warnings.py:159(_add_filter)
        1    0.000    0.000    0.000    0.000 warnings.py:428(__init__)
        1    0.000    0.000    0.000    0.000 warnings.py:449(__enter__)
        1    0.000    0.000    0.000    0.000 warnings.py:468(__exit__)
        1    0.000    0.000    0.000    0.000 weakref.py:102(__init__)
        1    0.000    0.000    0.000    0.000 weakref.py:288(update)
        1    0.000    0.000    0.000    0.000 weakref.py:354(__init__)
       32    0.000    0.000    0.000    0.000 {built-in method __new__ of type object at 0x10c016d98}
        2    0.000    0.000    0.000    0.000 {built-in method _ctypes.POINTER}
        1    0.000    0.000    0.000    0.000 {built-in method _ctypes.dlopen}
       50    0.000    0.000    0.000    0.000 {built-in method _ctypes.sizeof}
        1    0.000    0.000    0.000    0.000 {built-in method _hashlib.openssl_md5}
        1    0.000    0.000    0.000    0.000 {built-in method _hashlib.openssl_sha1}
        1    0.000    0.000    0.000    0.000 {built-in method _hashlib.openssl_sha224}
        1    0.000    0.000    0.000    0.000 {built-in method _hashlib.openssl_sha256}
        1    0.000    0.000    0.000    0.000 {built-in method _hashlib.openssl_sha384}
        1    0.000    0.000    0.000    0.000 {built-in method _hashlib.openssl_sha512}
      112    0.000    0.000    0.000    0.000 {built-in method _imp._fix_co_filename}
      412    0.000    0.000    0.000    0.000 {built-in method _imp.acquire_lock}
        4    0.000    0.000    0.000    0.000 {built-in method _imp.create_builtin}
    18/17    0.058    0.003    0.061    0.004 {built-in method _imp.create_dynamic}
        4    0.000    0.000    0.000    0.000 {built-in method _imp.exec_builtin}
       18    0.000    0.000    0.000    0.000 {built-in method _imp.exec_dynamic}
       47    0.000    0.000    0.000    0.000 {built-in method _imp.is_builtin}
      136    0.000    0.000    0.000    0.000 {built-in method _imp.is_frozen}
      733    0.000    0.000    0.000    0.000 {built-in method _imp.release_lock}
     8000    0.003    0.000    0.003    0.000 {built-in method _operator.index}
       14    0.000    0.000    0.000    0.000 {built-in method _sre.compile}
      328    0.000    0.000    0.000    0.000 {built-in method _sre.getlower}
       18    0.000    0.000    0.000    0.000 {built-in method _struct.calcsize}
      289    0.000    0.000    0.000    0.000 {built-in method _thread.allocate_lock}
      642    0.000    0.000    0.000    0.000 {built-in method _thread.get_ident}
        7    0.000    0.000    0.000    0.000 {built-in method _warnings._filters_mutated}
        1    0.000    0.000    0.000    0.000 {built-in method atexit.register}
  292/290    0.007    0.000    0.012    0.000 {built-in method builtins.__build_class__}
    315/7    0.000    0.000    0.162    0.023 {built-in method builtins.__import__}
       72    0.000    0.000    0.000    0.000 {built-in method builtins.abs}
      134    0.000    0.000    0.000    0.000 {built-in method builtins.any}
        2    0.000    0.000    0.000    0.000 {built-in method builtins.callable}
      308    0.000    0.000    0.000    0.000 {built-in method builtins.chr}
        1    0.000    0.000    0.000    0.000 {built-in method builtins.dir}
       45    0.000    0.000    0.000    0.000 {built-in method builtins.divmod}
    120/1    0.004    0.000    0.520    0.520 {built-in method builtins.exec}
     1974    0.001    0.000    0.002    0.000 {built-in method builtins.getattr}
      359    0.000    0.000    0.000    0.000 {built-in method builtins.globals}
     2194    0.001    0.000    0.001    0.000 {built-in method builtins.hasattr}
     1926    0.000    0.000    0.000    0.000 {built-in method builtins.isinstance}
    56/43    0.000    0.000    0.000    0.000 {built-in method builtins.issubclass}
1159/1133    0.000    0.000    0.000    0.000 {built-in method builtins.len}
        4    0.000    0.000    0.000    0.000 {built-in method builtins.max}
      125    0.000    0.000    0.000    0.000 {built-in method builtins.min}
      160    0.000    0.000    0.000    0.000 {built-in method builtins.ord}
     1000    0.003    0.000    0.003    0.000 {built-in method builtins.print}
       67    0.000    0.000    0.000    0.000 {built-in method builtins.repr}
        9    0.000    0.000    0.000    0.000 {built-in method builtins.round}
      219    0.000    0.000    0.000    0.000 {built-in method builtins.setattr}
      224    0.000    0.000    0.000    0.000 {built-in method from_bytes}
      112    0.016    0.000    0.016    0.000 {built-in method marshal.loads}
        1    0.000    0.000    0.000    0.000 {built-in method math.exp}
        2    0.000    0.000    0.000    0.000 {built-in method math.log}
        1    0.000    0.000    0.000    0.000 {built-in method math.sqrt}
      270    0.000    0.000    0.000    0.000 {built-in method numpy.core.multiarray.add_docstring}
     8077    0.004    0.000    0.004    0.000 {built-in method numpy.core.multiarray.array}
        3    0.000    0.000    0.000    0.000 {built-in method numpy.core.multiarray.copyto}
     8000    0.004    0.000    0.004    0.000 {built-in method numpy.core.multiarray.empty_like}
       24    0.001    0.000    0.001    0.000 {built-in method numpy.core.multiarray.empty}
    12000    0.003    0.000    0.003    0.000 {built-in method numpy.core.multiarray.normalize_axis_index}
        2    0.000    0.000    0.000    0.000 {built-in method numpy.core.multiarray.set_string_function}
        1    0.000    0.000    0.000    0.000 {built-in method numpy.core.multiarray.set_typeDict}
       14    0.000    0.000    0.000    0.000 {built-in method numpy.core.umath.geterrobj}
        7    0.000    0.000    0.000    0.000 {built-in method numpy.core.umath.seterrobj}
      374    0.000    0.000    0.000    0.000 {built-in method posix.fspath}
       86    0.002    0.000    0.002    0.000 {built-in method posix.getcwd}
       14    0.001    0.000    0.001    0.000 {built-in method posix.listdir}
        2    0.000    0.000    0.000    0.000 {built-in method posix.putenv}
      552    0.006    0.000    0.006    0.000 {built-in method posix.stat}
        1    0.000    0.000    0.000    0.000 {built-in method posix.uname}
        2    0.000    0.000    0.000    0.000 {built-in method posix.unsetenv}
       26    0.000    0.000    0.000    0.000 {built-in method sys._getframe}
        1    0.000    0.000    0.000    0.000 {built-in method time.time}
        1    0.000    0.000    0.000    0.000 {function Random.seed at 0x10c57f2f0}
       31    0.000    0.000    0.000    0.000 {method '__contains__' of 'frozenset' objects}
       11    0.000    0.000    0.000    0.000 {method '__subclasses__' of 'type' objects}
       11    0.000    0.000    0.000    0.000 {method '__subclasshook__' of 'object' objects}
        1    0.000    0.000    0.000    0.000 {method 'acquire' of '_thread.RLock' objects}
      109    0.000    0.000    0.000    0.000 {method 'add' of 'set' objects}
     1341    0.000    0.000    0.000    0.000 {method 'append' of 'list' objects}
       18    0.000    0.000    0.000    0.000 {method 'bit_length' of 'int' objects}
        6    0.000    0.000    0.000    0.000 {method 'cast' of 'memoryview' objects}
        2    0.000    0.000    0.000    0.000 {method 'clear' of 'dict' objects}
       30    0.001    0.000    0.001    0.000 {method 'copy' of 'numpy.ndarray' objects}
        1    0.000    0.000    0.000    0.000 {method 'disable' of '_lsprof.Profiler' objects}
        9    0.000    0.000    0.000    0.000 {method 'encode' of 'str' objects}
      148    0.000    0.000    0.000    0.000 {method 'endswith' of 'str' objects}
       75    0.000    0.000    0.000    0.000 {method 'extend' of 'list' objects}
       83    0.000    0.000    0.000    0.000 {method 'find' of 'bytearray' objects}
        1    0.000    0.000    0.000    0.000 {method 'find' of 'str' objects}
      256    0.000    0.000    0.000    0.000 {method 'format' of 'str' objects}
       89    0.000    0.000    0.000    0.000 {method 'get' of 'dict' objects}
        5    0.000    0.000    0.000    0.000 {method 'insert' of 'list' objects}
       39    0.000    0.000    0.000    0.000 {method 'isidentifier' of 'str' objects}
     8031    0.001    0.000    0.001    0.000 {method 'items' of 'dict' objects}
     1629    0.001    0.000    0.001    0.000 {method 'join' of 'str' objects}
       17    0.000    0.000    0.000    0.000 {method 'keys' of 'dict' objects}
      176    0.000    0.000    0.000    0.000 {method 'lower' of 'str' objects}
      102    0.000    0.000    0.000    0.000 {method 'match' of '_sre.SRE_Pattern' objects}
       39    0.000    0.000    0.000    0.000 {method 'pop' of 'dict' objects}
      112    0.030    0.000    0.030    0.000 {method 'read' of '_io.FileIO' objects}
        1    0.000    0.000    0.000    0.000 {method 'release' of '_thread.RLock' objects}
       11    0.000    0.000    0.000    0.000 {method 'remove' of 'list' objects}
       11    0.000    0.000    0.000    0.000 {method 'remove' of 'set' objects}
       13    0.000    0.000    0.000    0.000 {method 'replace' of 'str' objects}
       19    0.000    0.000    0.000    0.000 {method 'rfind' of 'str' objects}
     1133    0.000    0.000    0.000    0.000 {method 'rpartition' of 'str' objects}
     2864    0.001    0.000    0.001    0.000 {method 'rstrip' of 'str' objects}
        3    0.000    0.000    0.000    0.000 {method 'setdefault' of 'dict' objects}
        1    0.000    0.000    0.000    0.000 {method 'setter' of 'property' objects}
        3    0.000    0.000    0.000    0.000 {method 'sort' of 'list' objects}
        7    0.000    0.000    0.000    0.000 {method 'split' of 'str' objects}
      178    0.000    0.000    0.000    0.000 {method 'startswith' of 'str' objects}
      270    0.000    0.000    0.000    0.000 {method 'strip' of 'str' objects}
        6    0.000    0.000    0.000    0.000 {method 'tolist' of 'memoryview' objects}
       10    0.000    0.000    0.000    0.000 {method 'translate' of 'bytearray' objects}
      112    0.000    0.000    0.000    0.000 {method 'translate' of 'str' objects}
        1    0.000    0.000    0.000    0.000 {method 'union' of 'set' objects}
       45    0.000    0.000    0.000    0.000 {method 'update' of 'dict' objects}
        1    0.000    0.000    0.000    0.000 {method 'view' of 'numpy.ndarray' objects}


